257386
8139789
9997416
9998104
13715191
20888536
21043521
22365070
26129697
26156658
32605121
39148958
42829893
55167633
65403997
87155075
99914440
112730230
137082630
177740226
178534540
184123867
187232500
188778833
201676813
214180173
244025412
245189071
247986703
248274771
248453037
250569764
272845418
273715932
275317109
275747094
283238513
286483298
302808625
308015799
312192699
318549967
320660024
320746061
347276138
348708774
353609204
363369312
371969859
374150866
395883075
397900629
402843086
402851419
403164339
413137851
418398782
449065675
450886768
452307840
452536874
459782113
468248824
469698349
471739280
472705105
474356284
475454708
491164678
496089834
497025126
502040731
504100951
505536659
506844257
516253558
519039461
525687021
527093936
527966576
532273319
534434068
542684916
547022808
564134517
565574516
571528918
572403866
572713840
576275072
591522421
591980547
592824555
596434752
598556832
599461432
603425442
614502648
624258856
625023065
627462545
627491429
632935492
643771107
644469411
647806700
657643565
669479665
672041099
692170798
695734498
710246242
710361120
710568273
719332310
724906696
735010010
735115854
736042326
752096076
754417831
756444351
760557290
760693358
761409448
761462542
761472239
772487182
779287930
779574961
783133587
791985325
792016747
800180106
806259061
806989070
807135508
810398962
810629472
812390481
813076969
820096913
820119734
823362004
824124640
825581100
826470570
827889130
834495170
837799325
840152213
840477804
840720690
843064653
844566871
845625944
846684426
847047105
849524094
852513789
861121965
862538004
862874968
865873162
867984932
870725062
871911495
872141747
873536946
892113695
896656403
906575526
907106865
907651209
908090397
915574085
916647560
916893355
917546610
920519210
921910267
924665994
926131772
928314825
929283983
931658633
932497174
934691141
935051054
936532703
936567305
938153847
942525757
943880501
945199313
949090286
949310700
949541648
949579248
949675467
951652330
952488120
952498761
959557674
961926313
964751655
971267349
976348895
977912044
978170990
979140922
979383342
981352182
982453044
986328249
991934932
993204841
994978839
996818174
1007451277
1009986164
1012980691
1013158638
1015252508
1015405137
1017858071
1019328562
1029115029
1029533199
1030654301
1036318772
1037427440
1040337112
1042685640
1043605486
1048116190
1049561059
1053418003
1056479134
1059186420
1060269979
1060476872
1065128006
1065974356
1066903027
1067422697
1070440898
1073355443
1074273651
1078161896
1078786011
1079878368
1090064154
1095176503
1095746674
1095792178
1098660123
1101448735
1102113739
1104193785
1105558765
1113017724
1115003276
1127254565
1131500295
1131510139
1132164632
1132768351
1134568518
1138199495
1140900224
1141087955
1143059188
1144590604
1149358139
1151701481
1152717397
1156763202
1158465199
1159716529
1176722091
1178842217
1181374452
1192562494
1192991702
1195603409
1196725778
1197540822
1197881607
1198500269
1203768247
1204439902
1206836672
1211671745
1213646019
1213757608
1216434853
1219125204
1219442880
1219473895
1228734284
1239218789
1239610425
1249205850
1253215984
1255510403
1257287201
1257413583
1258678520
1261327440
1262476545
1269799001
1278780093
1279916173
1282609194
1285317663
1289389567
1294646911
1296866641
1298395238
1301938485
1303399763
1312044154
1316995857
1321410109
1322828675
1324501679
1325554545
1332481547
1335025451
1335748641
1336824679
1340316836
1348081404
1348820133
1350106352
1350377512
1352971050
1360071755
1360187625
1365562173
1365704806
1366673985
1367619099
1371299325
1379415018
1390758149
1398867488
1401091770
1401363118
1401416723
1403919620
1404505169
1406153735
1411909006
1412427857
1412836156
1417484216
1421900437
1422512649
1423291932
1426320721
1426347565
1434496763
1437131113
1438736312
1442575285
1443848358
1447464559
1449459161
1451792125
1455543164
1465984921
1475018610
1475019524
1477162300
1483698450
1484535683
1489009623
1491716076
1499630511
1512155030
1516589584
1518701243
1530385561
1533350416
1535018869
1535306907
1536729627
1539522902
1539585048
1540324391
1548926242
1561687285
1570953575
1571433650
1571892960
1576721934
1578972301
1579834763
1580490845
1584703550
1587613421
1608506196
1610116369
1614134237
1615237093
1621148842
1625418040
1634445658
1637388164
1640059013
1668810747
1679991864
1685687021
1711527500
1718467924
1721154479
1721236397
1725750635
1727314720
1730130734
1733908441
1737779807
1750762853
1751152917
1752317470
1755435897
1757547861
1761916531
1765526959
1766370296
1767394625
1767504602
1767967157
1776232401
1776554896
1776754238
1780626740
1783427794
1787737428
1787948603
1797965118
1798170914
1799661650
1804396210
1805352187
1805858812
1806979787
1813619122
1831305797
1833889889
1839522753
1840181625
1844912627
1848850264
1870696518
1874626373
1879859945
1902784189
1902966606
1908256017
1909987972
1910034163
1913253142
1918848638
1932943254
1933357085
1945371948
1947357805
1960975481
1960999642
1961249927
1962155870
1963633036
1965358790
1966799809
1967652799
1969972932
1971426852
1973202103
1981843142
1986605236
2014332032
2035934357
2052866015
2095607728
2103983134
2110362382
2115496894
2154384778
2170667005
2185096628
2191251984
2194227902
2198025321
2206873180
2208901881
2212223926
2214376897
2240427107
2243646533
2245550592
2245702175
2252274477
2263007670
2271715584
2273875209
2277293590
2284320975
2286333205
2287729044
2289396221
2298386094
2300217596
2306488297
2321804531
2322434936
2322765193
2335019980
2336856479
2358256147
2361288384
2376089100
2376785920
2380648931
2398953277
2405991483
2409906834
2411695178
2413352439
2417948349
2427731012
2435731305
2439211323
2440999304
2452677276
2454227411
2462871876
2463777274
2465513943
2469160400
2475720065
2479777209
2481588435
2493162464
2505121056
2508238298
2512264236
2513106932
2514051426
2519552171
2529325220
2532299012
2539730413
2547882713
2578777931
2596805950
2604962074
2607577828
2623642447
2628441370
2632567317
2651466219
2672152434
2678345944
2680256026
2684613577
2685749105
2695119795
2710181726
2717008263
2718191965
2728925953
2781179521
2789807402
2802319834
2803630535
2813772079
2813946723
2837016346
2837612209
2868614605
2870926114
2895782220
2909017802
2918494563
2939428337
2944689104
2971277353
2982543908
3010367895
3010451535
3039509820
3076399152
3097796662
3128407705
3148252700
3173422230
3174175615
3210215406
3218579441
3231184343
3259108989
3327245798
3327412314
3350707853
3391602316
3406509315
3412841266
3449299946
3496181582
3515566342
3523904066
3620016509
203394584
911285120
993615549
1169504304
1697351472
2449144080
2691538043
